eye 0 10 60
look 0 0 0
up 0 1 0
d 50
bounds -2 -2 2 2
res 1024 1024
recursionLevel 3
ambient 0.2 0.2 0.2
light 10 10 10 1 0.5 0.5 0.5
light -10 10 10 1 0.5 0.5 0.5
light 10 -10 10 1 0.5 0.5 0.5
light -10 -10 10 1 0.5 0.5 0.5

light 0 1.1 0.25 1 0.00 0.50 0.25

light 0 1.15 0.45 1 0.00 0.50 0.25
light 0 1.25 0.45 1 0.00 0.50 0.25

light 0.1 1.2 0.5 1 0.00 0.50 0.25
light -0.1 1.2 0.50 1 0.00 0.50 0.25

model 0.0 1.0 0.0 0 1 0 -1 0 smooth Vision.obj
model 0.0 0.0 1.0 45 1.5 0 0.0 -1.9 sharp checker_colored.obj
#model 1.0 0.0 0.0 90 2 0 0 -1.9 sharp MirrorDimension.obj

sphere 0 -1.2 00.0 0.3 0.1 0.1 0.1 0.1 0.1 0.1 0.7 0.7 0.7 1 1 1 0.3 0.3 0.3 5.0

sphere 0 1.2 0.5 0.09 0.1 0.1 0.1 0.07 0.90 0.44 1.0 1.0 1.0 1 1 1 1.0 1.0 1.0 1.0

sphere 0 -1.2 1.0 0.09 0.1 0.1 0.1 1.0 0.82 0.0 1.0 1.0 1.0 1 1 1 1.0 1.0 1.0 1.0

sphere 00.65 -1.2 0.5 0.09 0.1 0.1 0.1 1.0 0.0 0.18 1.0 1.0 1.0 1 1 1 1.0 1.0 1.0 1.0
sphere -0.65 -1.2 0.5 0.09 0.1 0.1 0.1 1.0 0.54 0.00 1.0 1.0 1.0 1 1 1 1.0 1.0 1.0 1.0

sphere 00.35 -1.2 -0.5 0.09 0.1 0.1 0.1 0.89 0.16 0.94 1.0 1.0 1.0 1 1 1 1.0 1.0 1.0 1.0
sphere -0.35 -1.2 -0.5 0.09 0.1 0.1 0.1 0.14 0.43 0.96 1.0 1.0 1.0 1 1 1 1.0 1.0 1.0 1.0

