eye 0 10 60
look 0 0 0
up 0 1 0
d 50
bounds -2 -2 2 2
res 2048 2048
recursionLevel 3
ambient 0.2 0.2 0.2
light 10 10 10 1 0.5 0.5 0.5
light -10 10 10 1 0.5 0.5 0.5
light 10 -10 10 1 0.5 0.5 0.5
light -10 -10 10 1 0.5 0.5 0.5

model 0.0 0.0 1.0 45 1.5 0 0.0 -1.9 sharp checker_colored.obj

#sphere 0.7 1.0 0.0 0.3 0.1 0.1 0.1 0.1 0.1 0.1 0.7 0.7 0.7 1 1 1 0.3 0.3 0.3 5.0
#sphere 0.0 1.0 0.7 0.3 0.1 0.1 0.1 0.1 0.1 0.1 0.7 0.7 0.7 1 1 1 0.3 0.3 0.3 5.0

sphere 00.0 0.0 -0.9 0.5 0.1 0.1 0.1 0.1 0.1 0.1 0.7 0.7 0.7 1 1 1 0.3 0.3 0.3 5.0
sphere 01.5 0.0 -0.9 0.3 0.1 0.1 0.1 0.1 0.1 0.1 0.7 0.7 0.7 1 1 1 0.3 0.3 0.3 5.0
sphere -1.5 0.0 -0.9 0.3 0.1 0.1 0.1 0.1 0.1 0.1 0.7 0.7 0.7 1 1 1 0.3 0.3 0.3 5.0